0 0.8071541501976285 0.37175355450236963 0.38570487483530963 0.2636255924170616
0 0.16304347826086957 0.42950236966824645 0.28326745718050067 0.19549763033175355
0 0.042002635046113304 0.8767772511848341 0.08399209486166008 0.24289099526066352
0 0.2865612648221344 0.9265402843601895 0.2536231884057971 0.14691943127962084
0 0.501475625823452 0.9028436018957346 0.1663372859025033 0.1943127962085308
0 0.4076021080368907 0.6605450236966824 0.15316205533596838 0.15402843601895735
0 0.7964426877470355 0.6101895734597157 0.40711462450592883 0.2014218009478673
0 0.546772068511199 0.10812796208530806 0.39855072463768115 0.2103080568720379
0 0.9537285902503294 0.06962085308056871 0.09255599472990778 0.1273696682464455
0 0.026350461133069828 0.2295734597156398 0.052700922266139656 0.10367298578199052
0 0.19268774703557312 0.07109004739336493 0.07905138339920949 0.07109004739336493
0 0.28739130434782606 0.13033175355450238 0.09387351778656126 0.10071090047393365
0 0.19681159420289854 0.23400473933649288 0.06422924901185771 0.05924170616113744
0 0.33515151515151514 0.28289099526066347 0.04117259552042161 0.05627962085308057
0 0.936429512516469 0.8732227488151659 0.12714097496706192 0.25355450236966826
0 0.7320553359683795 0.9472748815165877 0.12351778656126482 0.10545023696682465
0 0.8234519104084321 0.12293838862559242 0.0922266139657444 0.07997630331753554
0 0.17292490118577075 0.665 0.10869565217391304 0.16291469194312796