0 0.3340840840840841 0.350169133192389 0.11761761761761762 0.21934460887949261
0 0.10448448448448448 0.4981606765327695 0.19644644644644646 0.23520084566596194
0 0.5136436436436437 0.8602114164904863 0.12387387387387387 0.1876321353065539
0 0.6425225225225225 0.861522198731501 0.1313813813813814 0.22727272727272727
0 0.7494994994994995 0.5470401691331924 0.08258258258258258 0.13742071881606766
0 0.3622322322322322 0.5761099365750528 0.30655655655655656 0.2167019027484144
0 0.28216216216216217 0.9400211416490486 0.10385385385385386 0.11997885835095137
0 0.38288288288288286 0.9460887949260042 0.05755755755755756 0.10570824524312897
0 0.051931931931931935 0.2774841437632135 0.048798798798798795 0.07399577167019028
0 0.11261261261261261 0.26691331923890066 0.052552552552552555 0.12156448202959831
0 0.8427227227227228 0.4638054968287526 0.07882882882882883 0.16120507399577166
0 0.7764064064064063 0.868139534883721 0.046296296296296294 0.11892177589852009
0 0.9027827827827828 0.8905919661733616 0.07382382382382383 0.12684989429175475
0 0.9786086086086087 0.9064482029598309 0.04279279279279279 0.1321353065539112
0 0.9052852852852853 0.6223678646934461 0.08383383383383383 0.0872093023255814