0 0.176056338028169 0.7861111111111111 0.3082942097026604 0.17777777777777778
0 0.4272300469483568 0.9097222222222222 0.16588419405320814 0.14166666666666666
0 0.42566510172143973 0.5861111111111111 0.20031298904538342 0.15555555555555556
0 0.14788732394366197 0.4736111111111111 0.12050078247261346 0.10277777777777777
0 0.755868544600939 0.8125 0.27230046948356806 0.11944444444444445
0 0.8129890453834115 0.9583333333333334 0.1705790297339593 0.08333333333333333
0 0.4225352112676056 0.3236111111111111 0.10015649452269171 0.06388888888888888
0 0.12754303599374023 0.20416666666666666 0.07042253521126761 0.05277777777777778
0 0.634585289514867 0.5083333333333333 0.14553990610328638 0.06111111111111111
0 0.20579029733959311 0.625 0.2300469483568075 0.12222222222222222
0 0.035211267605633804 0.5888888888888889 0.06416275430359937 0.1111111111111111
0 0.8169014084507042 0.5291666666666667 0.07511737089201878 0.06944444444444445
0 0.6338028169014085 0.41944444444444445 0.06259780907668232 0.07222222222222222
0 0.41784037558685444 0.46111111111111114 0.2942097026604069 0.06666666666666667