0 0.3274765625 0.8159722222222222 0.17838281250000002 0.33565277777777774
0 0.8756484375 0.8969861111111112 0.24609375 0.2060138888888889
0 0.609375 0.7638888888888888 0.1484375 0.19444444444444445
0 0.11392968750000002 0.3819444444444444 0.2278671875 0.19906944444444447
0 0.3821640625 0.5694444444444444 0.13411718749999998 0.10648611111111111
0 0.0891953125 0.696763888888889 0.13671875 0.15740277777777778
0 0.3756484375 0.4085694444444445 0.13150781250000002 0.11805555555555555
0 0.490234375 0.4178194444444444 0.06640625 0.067125
0 0.49153906249999996 0.6064861111111112 0.0690078125 0.10648611111111111
0 0.7220078125 0.5451388888888888 0.11067968749999998 0.09490277777777778
0 0.7936171875 0.692125 0.10025781250000002 0.10648611111111111
0 0.5442734375 0.5034722222222222 0.0859375 0.08101388888888889
0 0.6048203125 0.4236111111111111 0.0638046875 0.04629166666666666
0 0.423828125 0.3020833333333333 0.0794296875 0.0763888888888889
0 0.5162734375 0.32176388888888885 0.0794296875 0.09722222222222222
0 0.6373671875 0.3715277777777778 0.0533828125 0.0625