0 0.6480625 0.5771663619744059 0.5610104166666667 0.25071297989031077
0 0.19717708333333334 0.6855575868372943 0.16219791666666666 0.060073126142595974
0 0.03719791666666667 0.6502925045703839 0.07440625000000001 0.12535648994515539
0 0.22246875 0.5706398537477148 0.10267708333333332 0.1436380255941499
0 0.43527083333333333 0.40610603290676417 0.11458333333333333 0.07574040219378428
0 0.08705208333333332 0.5314625228519195 0.09672916666666667 0.09140767824497258
0 0.5691979166666666 0.8278976234003657 0.1175625 0.10968921389396709
0 0.9047604166666667 0.37347349177330896 0.047614583333333335 0.05745886654478976
0 0.8482187499999999 0.39696526508226687 0.0625 0.04179159049360146
0 0.10267708333333332 0.820054844606947 0.044645833333333336 0.0470018281535649
0 0.07217708333333334 0.7639122486288848 0.025302083333333333 0.023510054844606946
0 0.3251458333333333 0.7351736745886654 0.01934375 0.04440585009140768