0 0.8836060606060605 0.4583333333333333 0.10054545454545455 0.07322222222222222
0 0.7865000000000001 0.34344444444444444 0.09366666666666666 0.20202777777777778
0 0.8884242424242424 0.30680555555555555 0.09090909090909091 0.09847222222222222
0 0.12327272727272727 0.6451944444444445 0.22175757575757576 0.25
0 0.25825757575757574 0.8308055555555555 0.13084848484848485 0.08080555555555556
0 0.6721818181818182 0.5328333333333333 0.24793939393939393 0.14647222222222223
0 0.8360909090909092 0.7550555555555556 0.3223181818181818 0.26766666666666666
0 0.43319696969696975 0.8143888888888889 0.19421212121212122 0.1540277777777778
0 0.4531666666666666 0.6527777777777778 0.1405 0.13383333333333333
0 0.5798939393939394 0.39519444444444446 0.06060606060606061 0.06819444444444445
0 0.6893939393939394 0.39772222222222225 0.056469696969696975 0.06313888888888888
0 0.9111515151515152 0.5517777777777777 0.020666666666666667 0.05302777777777778
0 0.736909090909091 0.95075 0.09642424242424243 0.08838888888888889
0 0.6377424242424243 0.9090833333333332 0.06612121212121212 0.12122222222222222