0 0.8167474489795918 0.7884807256235828 0.36649234693877547 0.4230385487528345
0 0.43295918367346936 0.8161904761904761 0.3245408163265306 0.33736961451247166
0 0.0907015306122449 0.6626303854875284 0.17290816326530611 0.2620408163265306
0 0.6441326530612245 0.30863945578231294 0.18566326530612245 0.10331065759637188
0 0.46839285714285717 0.4824943310657596 0.06660714285714285 0.07306122448979592
0 0.5711479591836734 0.4900453514739229 0.08219387755102041 0.07306122448979592
0 0.7610586734693877 0.4182312925170068 0.1332142857142857 0.08063492063492064
0 0.9294260204081632 0.46233560090702946 0.14116071428571428 0.2192063492063492
0 0.14030612244897958 0.4661224489795918 0.06802295918367347 0.07054421768707483
0 0.25723214285714285 0.41698412698412696 0.06377551020408163 0.07306122448979592
0 0.24943877551020407 0.6072108843537415 0.08219387755102041 0.075578231292517
0 0.36989795918367346 0.3968253968253968 0.059528061224489795 0.06299319727891156
0 0.49390306122448985 0.3968253968253968 0.06094387755102041 0.06299319727891156
0 0.04605867346938775 0.42705215419501136 0.0921173469387755 0.09321995464852607
0 0.5279209183673469 0.21163265306122447 0.1317984693877551 0.06047619047619048
0 0.8630994897959183 0.25825396825396824 0.13038265306122448 0.15873015873015872
0 0.687359693877551 0.17761904761904762 0.17290816326530611 0.12850340136054422