0 0.7480958904109589 0.7070681818181819 0.4520547945205479 0.13131818181818183
0 0.3302876712328767 0.5808181818181818 0.3379041095890411 0.11111363636363636
0 0.4421643835616438 0.4343409090909091 0.19026027397260273 0.09595454545454545
0 0.12480821917808219 0.37627272727272726 0.10654794520547946 0.050499999999999996
0 0.20471232876712328 0.4722272727272727 0.20243835616438358 0.07575
0 0.022835616438356167 0.351 0.03653424657534247 0.06565909090909092
0 0.41857534246575345 0.27904545454545454 0.32572602739726025 0.09847727272727272
0 0.7937534246575343 0.3434318181818182 0.18112328767123287 0.09090909090909091
0 0.6270958904109588 0.1830909090909091 0.14916438356164383 0.032818181818181816
0 0.6613424657534246 0.48863636363636365 0.0898082191780822 0.06313636363636364
0 0.5060821917808219 0.15529545454545454 0.07763013698630138 0.05302272727272727
0 0.7252602739726028 0.25127272727272726 0.08675342465753424 0.05809090909090909