0 0.4826254826254826 0.6405693950177936 0.2084942084942085 0.166073546856465
0 0.23938223938223938 0.7983392645314353 0.2471042471042471 0.14472123368920523
0 0.22625482625482626 0.6120996441281139 0.22702702702702704 0.199288256227758
0 0.43706563706563706 0.4638196915776987 0.18532818532818532 0.13048635824436536
0 0.1691119691119691 0.3997627520759193 0.3382239382239382 0.1826809015421115
0 0.6478764478764478 0.4092526690391459 0.22702702702702704 0.19217081850533807
0 0.48957528957528956 0.22301304863582444 0.2965250965250965 0.166073546856465
0 0.2579150579150579 0.26453143534994067 0.11737451737451737 0.07354685646500593
0 0.16833976833976835 0.24555160142348753 0.06486486486486487 0.045077105575326216
0 0.7559845559845559 0.25504151838671413 0.21467181467181468 0.10201660735468565
0 0.0918918918918919 0.15658362989323843 0.08803088803088803 0.05693950177935943
0 0.2579150579150579 0.11269276393831554 0.16988416988416988 0.054567022538552785
0 0.38996138996138996 0.08066429418742586 0.06332046332046332 0.05219454329774614
0 0.4965250965250965 0.060498220640569395 0.09111969111969112 0.045077105575326216
0 0.5359073359073359 0.11150652431791222 0.06486486486486487 0.028469750889679714
0 0.7806949806949807 0.066429418742586 0.4308880308880309 0.132858837485172