0 0.7436627140974967 0.38966824644549763 0.03806324110671937 0.10530805687203791
0 0.8322397891963109 0.35412322274881514 0.13028985507246377 0.38703791469194315
0 0.637536231884058 0.8293838862559242 0.0863768115942029 0.2211611374407583
0 0.45454545454545453 0.491042654028436 0.10393939393939394 0.26592417061611373
0 0.4889459815546772 0.7398578199052134 0.09076416337285903 0.15270142180094787
0 0.19689064558629776 0.9070616113744076 0.05416337285902503 0.10267772511848341
0 0.09955204216073782 0.8109478672985783 0.06441370223978919 0.10530805687203791
0 0.787588932806324 0.8675592417061612 0.06733860342555995 0.0868957345971564
0 0.7978392621870882 0.9620853080568721 0.15810276679841898 0.07582938388625593
0 0.9596706192358366 0.14613744075829385 0.08065876152832674 0.26592417061611373
0 0.9684584980237153 0.8488625592417062 0.0630961791831357 0.30227488151658766
0 0.7246376811594203 0.6068957345971564 0.08490118577075098 0.16061611374407583
0 0.8154018445322793 0.6766824644549763 0.046851119894598156 0.07898104265402843
0 0.09442687747035573 0.05924170616113744 0.08930171277997365 0.10267772511848341
0 0.6829117259552042 0.2764691943127962 0.024888010540184455 0.04213270142180095