0 0.1993083333333333 0.774074074074074 0.39860833333333334 0.31851851851851853
0 0.6145833333333334 0.6666666666666666 0.19305833333333333 0.21234074074074075
0 0.2069416666666667 0.38765925925925926 0.23055833333333334 0.11851851851851852
0 0.5243083333333333 0.4444444444444444 0.19305833333333333 0.15308148148148149
0 0.73125 0.3296296296296296 0.1625 0.0864148148148148
0 0.7215250000000001 0.4703703703703704 0.09305833333333334 0.1209925925925926
0 0.47639166666666666 0.2518518518518518 0.09444166666666666 0.06419259259259259
0 0.37777499999999997 0.21234074074074075 0.08333333333333333 0.05432592592592593
0 0.7798583333333333 0.23085925925925926 0.09860833333333333 0.1111111111111111
0 0.6805583333333333 0.21851851851851853 0.08333333333333333 0.0962962962962963
0 0.3145833333333333 0.5308592592592593 0.20139166666666666 0.14321481481481482
0 0.5416666666666666 0.1716 0.077775 0.07654814814814816
0 0.9125 0.08148148148148149 0.044441666666666664 0.04937777777777778
0 0.6590250000000001 0.10247407407407408 0.10694166666666667 0.08148148148148149
0 0.959725 0.15185185185185185 0.08055833333333333 0.061733333333333335