0 0.7444029850746269 0.850620842572062 0.5111940298507462 0.29878048780487804
0 0.3283582089552239 0.6166962305986696 0.24253731343283583 0.15798226164079823
0 0.17071641791044775 0.4808869179600887 0.24813432835820895 0.11363636363636363
0 0.4057910447761194 0.4642572062084257 0.1884328358208955 0.11363636363636363
0 0.707089552238806 0.5501773835920177 0.16791044776119404 0.14689578713968957
0 0.8768656716417911 0.5751219512195122 0.1417910447761194 0.0803769401330377
0 0.291044776119403 0.35476718403547675 0.14925373134328357 0.1164079822616408
0 0.5867611940298507 0.43099778270509975 0.08395522388059702 0.04711751662971175
0 0.24067164179104478 0.25638580931263855 0.13432835820895522 0.0803769401330377
0 0.803179104477612 0.28687361419068735 0.11753731343283583 0.04711751662971175
0 0.48880597014925375 0.3409090909090909 0.19402985074626866 0.08314855875831485