0 0.20444736842105263 0.698974358974359 0.15789473684210525 0.08628205128205128
0 0.3866315789473684 0.739647435897436 0.11336842105263158 0.13807692307692307
0 0.21457894736842106 0.9196153846153846 0.14171052631578948 0.10849358974358975
0 0.45547368421052636 0.9048397435897436 0.11742105263157894 0.12326923076923077
0 0.632578947368421 0.8057051282051282 0.20039473684210526 0.3885576923076923
0 0.9078947368421053 0.915448717948718 0.12752631578947368 0.16913461538461538
0 0.4412894736842105 0.43884615384615383 0.10526315789473684 0.08381410256410256
0 0.6224736842105263 0.53625 0.09918421052631578 0.056698717948717954
0 0.8167894736842105 0.6040384615384615 0.08705263157894737 0.09368589743589743
0 0.583 0.4573397435897436 0.08097368421052631 0.06657051282051282
0 0.6963684210526316 0.41544871794871796 0.09715789473684211 0.061634615384615385
0 0.6204473684210526 0.31557692307692303 0.08705263157894737 0.04439102564102564
0 0.5698421052631579 0.25887820512820514 0.0708421052631579 0.03451923076923077
0 0.666 0.25272435897435896 0.048578947368421055 0.061634615384615385
0 0.7601315789473685 0.29833333333333334 0.050605263157894737 0.054230769230769235
0 0.022263157894736846 0.4080448717948718 0.04452631578947369 0.07150641025641025