0 0.8110944527736131 0.6836899563318777 0.3778110944527736 0.439410480349345
0 0.4460269865067466 0.6795851528384279 0.3373313343328336 0.32751091703056767
0 0.0843328335832084 0.5458515283842795 0.1686656671664168 0.19104803493449782
0 0.14430284857571216 0.383471615720524 0.07496251874062969 0.06823144104803494
0 0.23895052473763118 0.5090174672489083 0.08058470764617691 0.09006550218340612
0 0.7202098950524738 0.2852183406113537 0.5595952023988006 0.3247816593886463
0 0.06841079460269865 0.8739082969432315 0.12931034482758622 0.2521834061135371
0 0.6662368815592203 0.9557860262008734 0.2080209895052474 0.08842794759825327
0 0.37106446776611696 0.34253275109170306 0.05997001499250375 0.07914847161572053
0 0.2717391304347826 0.34799126637554584 0.08995502248875563 0.06277292576419213
0 0.2576911544227886 0.2824890829694323 0.06184407796101949 0.05731441048034935
0 0.04592203898050974 0.3370742358078603 0.09182908545727136 0.12281659388646288