0 0.12109375 0.6510416666666666 0.2421875 0.296875
0 0.41015625 0.7291666666666666 0.25390625 0.140625
0 0.646484375 0.8424479166666666 0.14453125 0.17447916666666666
0 0.7314453125 0.52734375 0.107421875 0.044270833333333336
0 0.6162109375 0.4752604166666667 0.130859375 0.0703125
0 0.4228515625 0.5091145833333334 0.103515625 0.0546875
0 0.42578125 0.6067708333333334 0.11328125 0.08854166666666667
0 0.548828125 0.55859375 0.11328125 0.07552083333333333
0 0.580078125 0.6354166666666666 0.12890625 0.0625
0 0.521484375 0.3854166666666667 0.07421875 0.052083333333333336
0 0.2783203125 0.43359375 0.154296875 0.10677083333333333
0 0.404296875 0.3489583333333333 0.09765625 0.057291666666666664