0 0.7183333333333334 0.9475 0.14333333333333334 0.105
0 0.5858333333333333 0.78875 0.14833333333333334 0.1275
0 0.4708333333333333 0.58875 0.21166666666666667 0.1225
0 0.7283333333333334 0.65 0.2833333333333333 0.12
0 0.2725 0.51125 0.12833333333333333 0.0675
0 0.5366666666666666 0.4275 0.10333333333333333 0.11
0 0.9208333333333333 0.5125 0.15833333333333333 0.135
0 0.0725 0.4825 0.13166666666666665 0.195
0 0.3825 0.38 0.08833333333333333 0.085
0 0.265 0.32375 0.08333333333333333 0.0475
0 0.6483333333333333 0.285 0.056666666666666664 0.055
0 0.6908333333333333 0.42375 0.16166666666666665 0.1325