0 0.7901770833333334 0.6970925925925926 0.3601145833333333 0.21957407407407406
0 0.9017812500000001 0.9060925925925927 0.19642708333333334 0.18783333333333335
0 0.6465729166666667 0.9391481481481482 0.15625 0.12168518518518517
0 0.4345208333333333 0.7447037037037036 0.08928124999999999 0.12962962962962962
0 0.5617604166666667 0.7658703703703703 0.09672916666666667 0.12433333333333334
0 0.36160416666666667 0.9179814814814814 0.13690625 0.1640185185185185
0 0.49032291666666666 0.891537037037037 0.09077083333333333 0.12168518518518517
0 0.12648958333333335 0.8505370370370371 0.2529791666666667 0.29894444444444446
0 0.32589583333333333 0.7473518518518518 0.09821875000000001 0.12433333333333334
0 0.35565625 0.5330740740740741 0.08333333333333333 0.06085185185185185
0 0.44121875 0.5687777777777777 0.08184374999999999 0.10053703703703704