0 0.8455484693877551 0.46485260770975056 0.3089030612244898 0.4720634920634921
0 0.5942729591836735 0.7544897959183674 0.15654336734693877 0.1855328798185941
0 0.6325382653061224 0.5380272108843538 0.09160714285714285 0.12369614512471655
0 0.33974489795918367 0.7668480725623583 0.12290816326530613 0.2556235827664399
0 0.4064285714285714 0.9648526077097506 0.05682397959183673 0.07029478458049887
0 0.5217984693877551 0.9236281179138321 0.11595663265306122 0.1527437641723356
0 0.673125 0.9339229024943311 0.1171173469387755 0.1321315192743764
0 0.3333673469387755 0.5431972789115647 0.09855867346938775 0.07215419501133787
0 0.4759948979591837 0.5730839002267574 0.04521683673469388 0.04947845804988662
0 0.5919515306122448 0.4040362811791383 0.17508928571428573 0.14430839002267573
0 0.4325127551020408 0.4483673469387755 0.10899234693877552 0.051541950113378684