0 0.7119220779220778 0.8471593533487298 0.2125194805194805 0.19944572748267897
0 0.42207792207792205 0.6340646651270209 0.24675324675324675 0.20575057736720556
0 0.366 0.439838337182448 0.05194805194805195 0.07348729792147807
0 0.06257142857142857 0.46609699769053115 0.10625974025974025 0.10496535796766744
0 0.6965714285714286 0.6645034642032333 0.21723376623376625 0.12387990762124712
0 0.6227922077922078 0.5280369515011547 0.05785714285714285 0.06508083140877598
0 0.6688311688311688 0.31281755196304845 0.08146753246753247 0.05039260969976905
0 0.6316363636363637 0.370554272517321 0.06375324675324676 0.06087759815242494
0 0.5318831168831168 0.3086374133949191 0.053129870129870124 0.02099307159353349
0 0.572012987012987 0.24983833718244805 0.06493506493506493 0.07138568129330254
0 0.4079090909090909 0.27713625866050806 0.041324675324675327 0.02099307159353349