0 0.6271060606060606 0.8181818181818182 0.21043939393939393 0.23736363636363636
0 0.4318181818181818 0.9166590909090909 0.14983333333333335 0.16161363636363638
0 0.39898484848484844 0.7853636363636364 0.07407575757575757 0.07070454545454545
0 0.9183484848484849 0.8068181818181818 0.1633030303030303 0.15404545454545454
0 0.9503333333333334 0.9494999999999999 0.09933333333333334 0.10099999999999999
0 0.8324848484848486 0.6565681818181818 0.10606060606060606 0.08586363636363636
0 0.3013484848484848 0.6792954545454545 0.08754545454545455 0.15152272727272728
0 0.37457575757575756 0.6628863636363637 0.052181818181818176 0.06818181818181818
0 0.06565151515151516 0.7891363636363637 0.050499999999999996 0.09343181818181819
0 0.911621212121212 0.5959545454545455 0.05556060606060606 0.07070454545454545
0 0.367 0.540409090909091 0.08418181818181819 0.08586363636363636