0 0.4742857142857143 0.8783132530120482 0.3485714285714286 0.18072289156626506
0 0.6171428571428571 0.5734939759036145 0.18285714285714286 0.05301204819277108
0 0.2785714285714286 0.6289156626506024 0.1742857142857143 0.09156626506024096
0 0.5242857142857142 0.4506024096385542 0.23142857142857143 0.05301204819277108
0 0.7157142857142857 0.4686746987951807 0.12857142857142856 0.06987951807228916
0 0.9542857142857143 0.4433734939759036 0.08 0.08674698795180723
0 0.5214285714285715 0.3783132530120482 0.23142857142857143 0.07228915662650602
0 0.7228571428571429 0.3566265060240964 0.14857142857142858 0.08674698795180723
0 0.5771428571428572 0.3024096385542169 0.09142857142857143 0.05060240963855422
0 0.31142857142857144 0.5120481927710844 0.10857142857142857 0.05060240963855422
0 0.25142857142857145 0.3686746987951807 0.10857142857142857 0.043373493975903614
0 0.06142857142857143 0.5120481927710844 0.07142857142857142 0.03132530120481928