0 0.366665 0.8736965811965812 0.16 0.17094017094017094
0 0.525835 0.7134401709401709 0.218335 0.14007834757834756
0 0.268335 0.6101638176638177 0.19666499999999998 0.1187108262108262
0 0.4225 0.5650498575498576 0.07833499999999999 0.08547008547008547
0 0.7516649999999999 0.9558404558404558 0.16666499999999998 0.08831908831908832
0 0.081665 0.4795797720797721 0.096665 0.07122507122507123
0 0.180835 0.49620370370370365 0.081665 0.09971509971509972
0 0.96 0.5258760683760684 0.08 0.1305769230769231
0 0.7383350000000001 0.5104487179487179 0.16 0.05698005698005698
0 0.804165 0.44634615384615384 0.051665 0.05698005698005698
0 0.7516649999999999 0.349002849002849 0.09333499999999999 0.05222934472934473
0 0.6941649999999999 0.4142948717948718 0.118335 0.05935185185185185
0 0.345835 0.44515669515669515 0.245 0.13532763532763534
0 0.315835 0.30982905982905984 0.30833499999999997 0.10683760683760683
0 0.6416649999999999 0.35849715099715096 0.053335 0.033240740740740744