0 0.7009333333333333 0.819955357142857 0.5870333333333334 0.36013392857142856
0 0.5889 0.41294642857142855 0.22593333333333335 0.11160714285714286
0 0.4602 0.5853125 0.1537 0.10415178571428571
0 0.06390000000000001 0.3782142857142857 0.12036666666666666 0.21575892857142856
0 0.2898 0.8794642857142857 0.21666666666666667 0.24107142857142858
0 0.3361 0.6026785714285714 0.07963333333333333 0.08433035714285715
0 0.26853333333333335 0.7006249999999999 0.1037 0.11160714285714286
0 0.1898 0.46504464285714286 0.11296666666666667 0.22571428571428573
0 0.2287 0.31 0.1463 0.09919642857142856
0 0.8046333333333333 0.2219642857142857 0.3389 0.2554464285714286
0 0.8564666666666667 0.49107142857142855 0.2870333333333333 0.1289732142857143
0 0.1852 0.18848214285714285 0.3444333333333333 0.11410714285714285