0 0.8702408702408703 0.5406360424028268 0.1926961926961927 0.14840989399293286
0 0.8477078477078477 0.7090694935217904 0.15073815073815075 0.10365135453474676
0 0.9304584304584305 0.8657243816254417 0.13908313908313907 0.16725559481743227
0 0.5236985236985237 0.5017667844522968 0.18026418026418026 0.1413427561837456
0 0.7451437451437452 0.20848056537102475 0.0979020979020979 0.08244994110718493
0 0.8243978243978244 0.3663133097762073 0.06682206682206682 0.05418138987043581
0 0.4522144522144522 0.2226148409893993 0.12121212121212122 0.07302709069493522
0 0.5889665889665889 0.26383981154299174 0.09324009324009325 0.06595995288574794
0 0.3947163947163947 0.12014134275618374 0.13986013986013987 0.0706713780918728
0 0.3162393162393162 0.028268551236749116 0.2533022533022533 0.05653710247349823
0 0.3333333333333333 0.46878680800942285 0.06060606060606061 0.0706713780918728
0 0.027195027195027196 0.5606595995288575 0.05439005439005439 0.05653710247349823