0 0.555939393939394 0.9295000000000001 0.2097878787878788 0.14103333333333334
0 0.34265151515151515 0.6243666666666666 0.17481818181818182 0.1923
0 0.6223787878787879 0.5910333333333333 0.15851515151515153 0.17693333333333333
0 0.4825151515151515 0.4782 0.1048939393939394 0.11539999999999999
0 0.3712121212121212 0.3756333333333333 0.09674242424242424 0.0795
0 0.4714393939393939 0.3423 0.08507575757575757 0.08973333333333335
0 0.5775 0.3423 0.06875757575757577 0.04873333333333333
0 0.7459242424242424 0.5141 0.0676060606060606 0.07436666666666666
0 0.6252878787878788 0.2243666666666667 0.11771212121212121 0.06923333333333333
0 0.6958030303030304 0.34486666666666665 0.06527272727272727 0.0641
0 0.5151515151515151 0.20126666666666668 0.08390909090909092 0.0795
0 0.4493030303030303 0.11539999999999999 0.05245454545454545 0.056400000000000006
0 0.722030303030303 0.21666666666666667 0.05943939393939394 0.0846
0 0.35139393939393937 0.09103333333333333 0.03845454545454545 0.03333333333333333