0 0.672197265625 0.60546875 0.250654296875 0.227861328125
0 0.314130859375 0.843095703125 0.406904296875 0.299482421875
0 0.343427734375 0.4541015625 0.335283203125 0.159501953125
0 0.638017578125 0.187177734375 0.162763671875 0.068359375
0 0.641279296875 0.369462890625 0.221357421875 0.107421875
0 0.880537109375 0.447587890625 0.139970703125 0.107421875
0 0.9228515625 0.7470703125 0.126953125 0.166015625
0 0.802412109375 0.948896484375 0.296220703125 0.094404296875
0 0.218095703125 0.226240234375 0.169267578125 0.087890625
0 0.465498046875 0.291337890625 0.143232421875 0.068359375
0 0.579423828125 0.109052734375 0.1171875 0.061845703125
0 0.725908203125 0.0830078125 0.169267578125 0.113935546875
0 0.3759765625 0.086259765625 0.237626953125 0.166015625